Genus,Phylum,Core,Ent1,Ent2,Ent3,Ent4,Ent5,Core_1,Ent1_1,Ent2_1,Ent3_1,Ent4_1,Ent5_1,Core_2,Ent1_2,Ent2_2,Ent3_2,Ent4_2,Ent5_2
Bacteroides,Bacteroidota,1,1,1,1,1,1,86.4,89.3,90.9,81.9,84.2,75.9,0.8147,0.2041,0.4556,1.123,0.902,2.1445
Phocaeicola,Bacteroidota,1,1,1,1,1,1,82.3,92.8,88.6,77.4,78.5,51.7,4.3003,1.1585,2.9077,5.6631,7.202,1.7575
Lachnospiraceae_NK4A136_group,Firmicutes,1,1,1,1,1,1,86.6,93.8,90.7,82.4,83.2,63.2,0.6,0.4749,0.6096,0.5581,0.4562,0.5308
Faecalibacterium,Firmicutes,1,1,1,1,1,1,96,98.8,97.7,95.7,93.5,79.3,5.0227,3.3225,4.2013,5.9216,4.8727,2.8461
Lachnospira,Firmicutes,1,1,1,1,1,1,63.3,65,66.6,60,58.7,71.3,0.6263,0.371,0.4011,0.537,0.7442,1.5675
Roseburia,Firmicutes,1,1,1,1,1,1,77.8,82.9,79.7,74.2,74.5,73.6,1.0951,0.6773,0.9584,1.0143,1.147,1.3645
Veillonella,Firmicutes,1,1,1,1,1,1,70.7,76.7,63.4,63.2,72.4,81.6,0.34,0.2623,0.2339,0.287,0.2527,0.3028
Faecalibacterium,Firmicutes,1,1,1,1,1,1,93.8,98,98.3,92.7,90.1,69,3.1326,2.488,3.2509,2.9972,2.9031,1.0278
Blautia,Firmicutes,1,1,1,1,1,1,98.2,99.8,98.5,97.5,98.1,92,0.6221,0.3174,0.432,0.6749,0.7105,1.2043
Lachnospiraceae_NK4A136_group,Firmicutes,1,1,1,1,1,1,83.1,92.1,93.4,78.5,73.3,54,0.5162,0.2263,0.3669,0.5657,0.3649,1.2811
Bacteroides,Bacteroidota,1,1,1,1,1,1,66.4,72.5,75.9,60.9,57.3,66.7,1.3776,0.241,0.8237,2.1603,1.0749,3.5783
Streptococcus,Firmicutes,1,1,1,1,1,1,86.5,87.8,83.7,85,87.8,80.5,0.6238,0.5658,0.3898,0.6899,0.3788,0.2274
Fusicatenibacter,Firmicutes,1,1,1,1,1,1,93.8,98.3,98.3,92,92.4,58.6,0.5289,0.2329,0.3918,0.7327,0.561,0.4596
Lachnospira,Firmicutes,1,1,1,1,1,1,83.8,89.8,88.8,77.9,78.5,66.7,1.4733,1.1253,1.4009,1.2575,1.8178,0.6428
Lachnospiraceae_NK4A136_group,Firmicutes,1,1,1,1,1,1,87.7,96,94.7,82.7,81.3,67.8,1.3671,1.488,1.6854,1.0024,0.7014,0.3327
Anaerostipes,Firmicutes,1,1,1,1,1,1,92.8,95,95.3,89.5,93.9,82.8,0.4822,0.2852,0.3379,0.5354,0.6177,0.6504
Faecalibacterium,Firmicutes,1,1,1,1,1,1,96.1,99.5,98.9,94.6,94.1,78.2,10.0352,8.6159,10.4111,9.7467,7.9509,4.0641
Faecalibacterium,Firmicutes,1,1,1,1,1,1,96,99,97.5,95.4,95.8,71.3,5.096,2.8076,3.627,6.0863,5.9498,4.9712
Phocaeicola,Bacteroidota,1,1,1,1,1,1,83,89.3,89,79.1,79.2,60.9,4.6087,1.1705,2.3404,6.4095,8.3865,0.7315
Escherichia-Shigella,Proteobacteria,1,1,1,1,1,1,92,86.1,91.8,92.7,94.3,96.6,2.8945,0.9349,1.5266,4.5724,1.7461,4.0499
Bilophila,Desulfobacterota,1,1,1,1,1,1,71.2,77.4,76.7,68.8,63.2,64.4,0.4749,0.236,0.4319,0.555,0.4721,0.5793
Ruminococcus,Firmicutes,1,1,1,1,1,1,62,60.3,62.6,62.1,58.5,60.9,1.6429,0.4999,1.3192,1.965,1.7219,2.5944
Haemophilus,Proteobacteria,1,1,1,1,1,1,80.7,88.1,78.2,75.1,81.5,85.1,0.5106,0.6306,0.3393,0.369,0.4153,0.5101
Subdoligranulum,Firmicutes,1,1,1,1,1,0,78.9,93.5,92.8,67.9,68.2,0,0.9599,0.4165,0.8367,1.3382,0.933,0
Agathobacter,Firmicutes,1,1,1,1,1,0,82.8,91.8,92.4,76,79.2,0,1.449,0.9897,1.6591,1.3194,1.2263,0
Roseburia,Firmicutes,1,1,1,1,1,0,87.2,96,94.7,83,82.9,0,0.5821,0.4722,0.6641,0.4497,0.5245,0
Parabacteroides,Bacteroidota,1,1,1,1,1,0,82.2,93.3,93,75.3,74.3,0,2.237,1.1226,2.1727,3.0376,1.8587,0
Lachnoclostridium,Firmicutes,1,1,1,1,1,0,81.7,93.1,94.3,76.4,75.4,0,0.6239,0.4065,0.5922,0.5441,0.9756,0
Subdoligranulum,Firmicutes,1,1,1,1,1,0,84.6,97,95.1,78.4,74.7,0,0.9373,0.602,0.9061,1.1391,0.7173,0
Eubacterium_eligens_group,Firmicutes,1,1,1,1,1,0,71.3,80.9,77,68.2,60.8,0,0.4075,0.2879,0.3802,0.4699,0.2851,0
Phocaeicola,Bacteroidota,1,1,1,1,1,0,68.8,86.4,77.8,58,63.4,0,4.3922,2.4592,3.5287,2.1046,9.6652,0
Oscillospiraceae_UCG-003,Firmicutes,1,1,1,1,1,0,68.7,86.8,86.7,58.6,53.5,0,0.432,0.2953,0.5544,0.4371,0.2722,0
Lachnoclostridium,Firmicutes,1,1,1,1,1,0,86,97.5,96.2,78.4,80.6,0,0.4836,0.4298,0.4584,0.3878,0.5016,0
Oscillospiraceae_UCG-002,Firmicutes,1,1,1,1,1,0,70.7,88.1,89,59.8,53.7,0,1.1252,0.8476,1.5363,0.9118,0.5826,0
Bacteroides,Bacteroidota,1,1,1,1,1,0,83,88.8,90.7,80.8,74.5,0,2.4924,0.4066,1.6368,4.4777,2.3256,0
Bifidobacterium,Actinobacteriota,1,1,1,1,1,0,73.5,71,80.8,76,74.3,0,0.8815,0.2229,0.5166,1.4172,1.1437,0
Sutterella,Proteobacteria,1,1,1,1,1,0,59.4,72.5,68.1,53,57.3,0,1.331,0.9887,1.2951,1.3498,1.5893,0
Lachnospira,Firmicutes,1,1,1,1,1,0,59.1,60.5,66.4,56.7,50.3,0,0.7202,0.3815,0.6292,0.8523,0.7167,0
Collinsella,Actinobacteriota,1,1,1,1,1,0,73.4,86.8,86.9,65.1,66.7,0,0.5099,0.2415,0.4374,0.8151,0.3802,0
Alistipes,Bacteroidota,1,1,1,1,1,0,73.6,74.7,80.8,73.7,70.7,0,2.0677,0.6265,1.8505,3.1374,2.2201,0
Lachnospiraceae_UCG-004,Firmicutes,1,1,1,1,1,0,88,97.5,94.5,83.3,83.2,0,0.3066,0.2531,0.282,0.2715,0.2849,0
Lachnoclostridium,Firmicutes,1,1,1,1,1,0,87.5,96.5,94.5,84.4,82.3,0,0.9297,0.7288,0.8756,0.8489,0.9861,0
Phocaeicola,Bacteroidota,1,1,1,1,1,0,66.9,75.7,75.9,61.7,63.2,0,1.712,0.3625,0.9949,2.3295,3.2352,0
Dorea,Firmicutes,1,1,1,1,1,0,86,98,96,78.8,80,0,0.2669,0.1978,0.2805,0.2982,0.2005,0
Lachnospiraceae_UCG-004,Firmicutes,1,1,1,0,1,1,73.5,85.4,85.8,0,68,54,0.3003,0.2536,0.2576,0,0.2845,0.5777
Bacteroides,Bacteroidota,1,0,1,1,1,1,76.4,0,85.6,73.3,68.6,57.5,0.594,0,0.2602,0.9583,0.5905,1.6028
Oscillibacter,Firmicutes,1,0,1,1,1,1,87.5,0,90.3,90,83.6,75.9,0.4877,0,0.3121,0.7097,0.4785,1.1823
Bifidobacterium,Actinobacteriota,1,0,1,1,1,1,77.2,0,71.5,84.2,83.6,74.7,0.6083,0,0.3083,1.0657,0.5444,1.0334
Bacteroides,Bacteroidota,1,0,1,1,1,1,74.3,0,81.6,72.5,72.6,69,0.626,0,0.304,0.7562,0.54,3.2835
Alistipes,Bacteroidota,1,0,1,1,1,1,62.4,0,69.1,64.3,56.8,50.6,0.6026,0,0.3675,1.1581,0.4942,0.4681
Sporobacter,Firmicutes,1,1,1,1,0,0,55.9,68.7,68.3,50.4,0,0,0.3748,0.2484,0.4295,0.3903,0,0
Subdoligranulum,Firmicutes,1,1,1,1,0,0,65.5,87.3,85.2,53.8,0,0,0.2558,0.1915,0.2804,0.2761,0,0
Prevotella,Bacteroidota,1,1,1,1,0,0,71.3,96,82.2,57.5,0,0,5.54,14.5082,5.3723,0.2454,0,0
Oscillospiraceae_UCG-002,Firmicutes,1,1,1,1,0,0,56.4,71.5,74.4,50.2,0,0,0.4161,0.243,0.5138,0.5818,0,0
Phocaeicola,Bacteroidota,1,1,1,0,1,0,57.3,71.5,67.2,0,53.9,0,0.9316,0.4271,0.9451,0,2.053,0
Phocaeicola,Bacteroidota,1,1,1,0,1,0,57.3,67.7,65.3,0,58.1,0,3.155,1.3013,2.8198,0,7.1054,0
Parabacteroides,Bacteroidota,1,1,1,0,0,1,51.8,56.1,61.9,0,0,52.9,0.8299,0.1863,0.5378,0,0,3.4402
Roseburia,Firmicutes,1,0,1,1,1,0,56.5,0,60.3,51.3,53.3,0,0.3391,0,0.2748,0.3567,0.3585,0
Erysipelotrichaceae_UCG-003,Firmicutes,1,0,1,1,1,0,73.5,0,78.6,72.5,69.7,0,0.3386,0,0.3035,0.3662,0.4355,0
Phascolarctobacterium,Firmicutes,1,0,1,1,1,0,51.4,0,54.1,52.7,56.2,0,1.4759,0,1.4643,1.8621,1.5552,0
Eubacterium_eligens_group,Firmicutes,1,0,1,1,1,0,62.2,0,68.9,60.3,55.2,0,0.2931,0,0.2584,0.3256,0.2766,0
Blautia,Firmicutes,1,0,0,1,1,1,87.7,0,0,83.2,82.7,50.6,0.2293,0,0,0.2621,0.2335,0.3441
Bacteroides,Bacteroidota,1,0,0,1,1,1,52.8,0,0,60.6,55.6,83.9,1.3507,0,0,1.9305,0.7495,10.6031
Flavonifractor,Firmicutes,1,0,0,1,1,1,85.4,0,0,89.2,94.1,95.4,0.2966,0,0,0.4352,0.3494,1.065
Bacteroides,Bacteroidota,1,0,0,1,1,1,54.1,0,0,51,52,58.6,0.2658,0,0,0.4022,0.2849,1.2425
Ruminococcus_gnavus_group,Firmicutes,1,0,0,1,1,1,57.6,0,0,67.4,77.9,97.7,0.3546,0,0,0.4952,0.3698,1.085
Bacteroides,Bacteroidota,1,0,0,1,1,1,65.1,0,0,65.8,66.1,65.5,0.3564,0,0,0.5004,0.5057,0.7997
Eubacterium_ruminantium_group,Firmicutes,1,1,1,0,0,0,50.8,70.5,72.1,0,0,0,0.8736,0.8723,1.2198,0,0,0
Faecalibacterium,Firmicutes,1,1,1,0,0,0,50.7,72,68.3,0,0,0,0.3815,0.4387,0.4802,0,0,0
Lachnospiraceae_unassigned,Firmicutes,1,1,1,0,0,0,70.7,89.8,88.6,0,0,0,0.2757,0.3299,0.3164,0,0,0
Prevotella,Bacteroidota,1,1,1,0,0,0,65.1,94.3,78.4,0,0,0,3.2763,8.388,3.4049,0,0,0
Bacteroides,Bacteroidota,1,0,1,1,0,0,57.4,0,68.3,55.8,0,0,0.4314,0,0.3109,0.7906,0,0
Roseburia,Firmicutes,1,0,1,1,0,0,74.8,0,84.1,74.8,0,0,0.28,0,0.315,0.337,0,0
Odoribacter,Bacteroidota,1,0,1,1,0,0,63.5,0,74.4,59.4,0,0,0.2295,0,0.2261,0.2819,0,0
Odoribacter,Bacteroidota,1,0,1,1,0,0,61.7,0,78.4,57,0,0,0.3552,0,0.4585,0.4254,0,0
Monoglobus,Firmicutes,1,0,0,1,1,0,84.3,0,0,89.5,84.4,0,0.2153,0,0,0.2695,0.1975,0
Bacteroides,Bacteroidota,1,0,1,0,0,0,51.5,0,63.8,0,0,0,0.5839,0,0.5503,0,0,0
